PolExpvsMassCB2VWG
44707.5, 2.27251, 0.410959, 0.536192, 4844.23, 3.07871, 0.0742738, 0.944987, 4.00899, 2.25547, 2.9917, 1., 1., 1., 1., 1., 0.055
PolExpvsMassCB2Pol2Pol3
618.705, 5.26731, -1.10348, -0.770509, 0.15095, 0.00615594, 4844.23, 3.07871, 0.0742738, 0.944987, 4.00899, 2.25547, 2.9917, 1., 1., 1., 1., 1., 0.055
PolExpvsMassNA60QVWG
44707.5, 2.27251, 0.410959, 0.536192, -0.0701953, 4730.41, 3.08554, 0.0686483, -0.634821, 0.00334914, 0.476977, 0.231435, 2.11711, 0.00720035, 0.729289, 0.311409, 1., 1., 1., 1., 1., 0.055
PolExpvsMassNA60VWG
44707.5, 2.27251, 0.410959, 0.536192, 4730.41, 3.08554, 0.0686483, -0.634821, 0.00334914, 0.476977, 0.231435, 2.11711, 0.00720035, 0.729289, 0.311409, 1., 1., 1., 1., 1., 0.055
PolExpvsMassNA60Pol2Pol3
618.705, 5.26731, -1.10348, -0.770509, 0.15095, 0.00615594, 4730.41, 3.08554, 0.0686483, -0.634821, 0.00334914, 0.476977, 0.231435, 2.11711, 0.00720035, 0.729289, 0.311409, 1., 1., 1., 1., 1., 0.055
PolExpvsMassCB2QVWG
44707.5, 2.27251, 0.410959, 0.536192, -0.0701953, 4844.23, 3.07871, 0.0742738, 0.944987, 4.00899, 2.25547, 2.9917, 1., 1., 1., 1., 1., 0.055
Pol2vsMassCB2VWG
44707.5, 2.27251, 0.410959, 0.536192,4844.23, 3.07871, 0.0742738, 0.944987, 4.00899, 2.25547, 2.9917, 0.0106792, 0.0171009, -0.0111536, 0.055
Pol2vsMassCB2QVWG
44707.5, 2.27251, 0.410959, 0.536192, -0.0701953, 4844.23, 3.07871, 0.0742738, 0.944987, 4.00899, 2.25547, 2.9917,0.0106792, 0.0171009, -0.0111536, 0.055
Pol2vsMassCB2Pol2Pol3
618.705, 5.26731, -1.10348, -0.770509, 0.15095, 0.00615594, 4844.23, 3.07871, 0.0742738, 0.944987, 4.00899, 2.25547, 2.9917, 0.0106792, 0.0171009, -0.0111536, 0.055
Pol2vsMassNA60QVWG
44707.5, 2.27251, 0.410959, 0.536192, -0.0701953, 4730.41, 3.08554, 0.0686483, -0.634821, 0.00334914, 0.476977, 0.231435, 2.11711, 0.00720035, 0.729289, 0.311409, 0.0106792, 0.0171009, -0.0111536, 0.055
Pol2vsMassNA60VWG
44707.5, 2.27251, 0.410959, 0.536192, 4730.41, 3.08554, 0.0686483, -0.634821, 0.00334914, 0.476977, 0.231435, 2.11711, 0.00720035, 0.729289, 0.311409, 0.0106792, 0.0171009, -0.0111536, 0.055
Pol2vsMassNA60Pol2Pol3
618.705, 5.26731, -1.10348, -0.770509, 0.15095, 0.00615594, 4730.41, 3.08554, 0.0686483, -0.634821, 0.00334914, 0.476977, 0.231435, 2.11711, 0.00720035, 0.729289, 0.311409, 0.0106792, 0.0171009, -0.0111536, 0.055
Pol3vsMassCB2VWG
44707.5, 2.27251, 0.410959, 0.536192, 4844.23, 3.07871, 0.0742738, 0.944987, 4.00899, 2.25547, 2.9917, 0.0106792,0.0106792, 0.0171009, -0.0111536, 0.055
Pol3vsMassCB2QVWG
44707.5, 2.27251, 0.410959, 0.536192, -0.0701953, 4844.23, 3.07871, 0.0742738, 0.944987, 4.00899, 2.25547, 2.9917, 0.0106792, 0.0106792, 0.0171009, -0.0111536, 0.055
Pol3vsMassCB2Pol2Pol3
618.705, 5.26731, -1.10348, -0.770509, 0.15095, 0.00615594, 4844.23, 3.07871, 0.0742738, 0.944987, 4.00899, 2.25547, 2.9917, 0.0106792,0.0106792, 0.0171009, -0.0111536, 0.055
Pol3vsMassNA60QVWG
44707.5, 2.27251, 0.410959, 0.536192, 0.0701953, 4730.41, 3.08554, 0.0686483, -0.634821, 0.00334914, 0.476977, 0.231435, 2.11711, 0.00720035, 0.729289, 0.311409, 0.0106792, 0.0106792, 0.0171009, -0.0111536, 0.055
Pol3vsMassNA60VWG
44707.5, 2.27251, 0.410959, 0.536192, 4730.41, 3.08554, 0.0686483, -0.634821, 0.00334914, 0.476977, 0.231435, 2.11711, 0.00720035, 0.729289, 0.311409, 0.0106792, 0.0106792, 0.0171009, -0.0111536, 0.055
Pol3vsMassNA60Pol2Pol3
618.705, 5.26731, -1.10348, -0.770509, 0.15095, 0.00615594, 4730.41, 3.08554, 0.0686483, -0.634821, 0.00334914, 0.476977, 0.231435, 2.11711, 0.00720035, 0.729289, 0.311409, 0.0106792, 0.0106792, 0.0171009, -0.0111536, 0.055


