NA60_Emb_rapidity-4.0--2.5_pT4.0-12.0
-0.634821
0.00334914
0.476977
0.231435
2.11711
0.00720035
0.729289
0.311409
CB2_Emb_rapidity-4.0--2.5_pT0.0-2.0.
0.944987
4.00899
2.25547
2.9917
CB2_Emb_rapidity-4.0--2.5_pT0.0-2.0
0.944987
4.00899
2.25547
2.9917
NA60_Emb_rapidity-4.0--2.5_pT0.0-2.0
-0.634821
0.00334914
0.476977
0.231435
2.11711
0.00720035
0.729289
0.311409
CB2_Emb_rapidity-4.0--2.5_pT4.0-12.0
0.944987
4.00899
2.25547
2.9917
CB2_Emb_rapidity-4.0--2.5_pT2.0-4.0
0.944987
4.00899
2.25547
2.9917
NA60_Emb_rapidity-4.0--2.5_pT2.0-4.0
-0.634821
0.00334914
0.476977
0.231435
2.11711
0.00720035
0.729289
0.311409
NA60_Emb_rapidity-4.0--2.5_pT4.0-12.0
-0.634821
0.00334914
0.476977
0.231435
2.11711
0.00720035
0.729289
0.311409
CB2_Emb_rapidity-4.0--2.5_pT0.0-12.0
0.944987
4.00899
2.25547
2.9917
NA60_Emb_rapidity-4.0--2.5_pT0.0-12.0
-0.634821
0.00334914
0.476977
0.231435
2.11711
0.00720035
0.729289
0.311409
CB2_Emb_rapidity-4.0--2.5_pT0.0-100.0
0.944987
4.00899
2.25547
2.9917
NA60_Emb_rapidity-4.0--2.5_pT0.0-100.0
-0.634821
0.00334914
0.476977
0.231435
2.11711
0.00720035
0.729289
0.311409